0.895771875
0.9177390625
0.918121875
0.8904421875
0.9330625
0.9116953125
0.91935
0.91350625
0.93243125
0.919596875
0.92723125
0.926909375
0.9312890625
0.922775
0.924928125
0.9405140625
0.9550421875
0.932634375
0.9488765625
0.9474109375
0.9408203125
0.9672421875
0.949878125
0.93986875
0.9431828125
0.96846875
0.9614078125
0.94645625
0.9348203125
0.950540625
0.9597609375
0.946471875
0.9472734375
0.94158125
0.934928125
0.94315625
0.9528765625
0.943425
0.9472515625
0.955846875
0.947653125
0.94966875
0.9425640625
0.958128125
0.9425984375
0.9485171875
0.9233609375
0.9505640625
0.9440046875
0.93466875
0.9381328125
0.94026875
0.9364609375
0.9361640625
0.9416234375
0.9440421875
0.93000625
0.9258703125
0.9399390625
0.9452828125
0.930328125
0.92625625
0.9385734375
0.9510953125
0.9183421875
0.9592078125
0.9306875
0.92828125
0.936925
0.93135
0.94078125
0.908390625
0.93238125
0.928646875
0.9340390625
0.94549375
0.942521875
0.9468015625
0.9536796875
0.9398796875
0.93049375
0.9462984375
0.9324515625
0.9202390625
0.9415890625
0.944903125
0.9364921875
0.9332484375
0.94203125
0.9404953125
0.9307046875
0.933915625
0.9345796875
0.9343890625
0.920815625
0.947153125
0.9313109375
0.9312203125
0.9402453125
0.933765625
