0.8599671875
0.85615625
0.9246609375
0.8913140625
0.9034515625
0.917734375
0.91121875
-nan
-nan
0.91760625
0.9237546875
0.8852421875
0.8992171875
0.8943359375
0.912453125
0.891234375
0.92913125
-nan
0.9167421875
0.9414265625
0.911871875
-nan
0.9135515625
0.9239875
0.8853578125
0.9053890625
0.8893640625
0.9172234375
0.892296875
0.9361796875
0.9258890625
0.909865625
0.9084390625
0.8934875
0.896146875
0.8723359375
0.91030625
0.8843375
0.904628125
0.8961578125
0.9019984375
-nan
0.886571875
0.9094734375
0.881428125
0.8678890625
0.9000421875
-nan
0.8990625
0.9201015625
-nan
0.8821796875
0.9015890625
0.9031671875
0.9046984375
0.9051375
0.919875
0.900203125
0.906534375
0.8356859375
0.91209375
0.892846875
0.920228125
0.9113515625
0.8792328125
0.9072546875
0.894846875
-nan
0.9113578125
-nan
0.8662765625
0.914825
0.9030171875
-nan
0.921778125
0.8914265625
0.8668828125
0.8806078125
0.89333125
-nan
0.9138015625
0.906409375
0.878425
0.9104984375
0.8608
0.91661875
-nan
0.92185625
0.8997046875
-nan
-nan
0.9159515625
0.92628125
0.8811609375
0.8949234375
0.8984484375
0.9234015625
0.9160171875
0.9274890625
0.925784375
0.911565625
-nan
0.910496875
0.9095828125
0.899303125
0.884153125
0.8689203125
0.9107453125
0.9207828125
-nan
0.90035625
-nan
0.8583421875
0.865853125
0.8998203125
0.900465625
0.9104125
