0.880871875
0.835103125
0.9063984375
0.9000453125
0.90905625
0.9129625
0.904934375
0.942496875
0.887121875
0.919434375
0.907384375
0.930959375
0.930421875
0.9197484375
0.9365859375
0.899403125
0.910396875
0.919121875
0.9327828125
0.900128125
0.93079375
0.9270421875
0.9173171875
0.8854265625
0.9047
0.887475
0.8845859375
0.880565625
0.937190625
0.9091109375
0.90449375
0.8756203125
0.929125
0.91255
0.897571875
0.899634375
0.9055421875
0.9211171875
0.898975
0.8644765625
0.9111078125
0.90323125
0.91011875
0.8874125
0.863090625
0.93460625
0.9189796875
0.9076046875
0.8539859375
0.868828125
0.87781875
0.915615625
0.9072796875
0.8923765625
0.8792390625
0.89965625
0.9131796875
0.9268625
0.9334171875
0.916
0.8841359375
0.915703125
0.884490625
0.868871875
0.931125
0.920553125
0.89250625
0.8626921875
0.9092953125
0.8858578125
0.910725
0.8974828125
0.9053109375
0.8970609375
0.9090203125
0.9110125
0.89980625
0.88665
0.8933921875
0.8767921875
0.8820953125
0.8975390625
0.8961703125
0.9078625
0.9021765625
0.9178765625
0.8844515625
0.908846875
0.86356875
0.865809375
0.8975609375
0.896634375
0.9029
0.8501640625
0.903171875
0.8785953125
0.922190625
0.9007578125
0.8929640625
0.9054671875
