0.8985453125
0.8758875
0.8940484375
0.8925953125
0.9110921875
-nan
-nan
0.8966484375
0.8996
-nan
0.92234375
-nan
0.8986
0.897940625
0.9175375
0.9304546875
0.8961
0.9208359375
0.9330328125
0.8994234375
0.916659375
0.878753125
-nan
0.9338421875
0.9048609375
0.9054140625
0.89864375
0.8781546875
0.9024
0.89934375
0.9049265625
0.9277328125
0.9031734375
0.890540625
0.8974890625
0.886765625
0.9016109375
0.9035953125
-nan
0.9060546875
0.86835625
0.918028125
0.90351875
0.9008578125
0.8653375
0.8890671875
0.9272828125
0.849925
0.8915078125
0.8730765625
0.923975
0.8998328125
0.9042765625
0.89431875
-nan
0.8706453125
0.895884375
0.886834375
0.900284375
0.9084703125
0.879396875
0.943540625
0.8777515625
0.9149515625
-nan
0.88994375
0.8813140625
0.92125625
0.86110625
0.8727078125
-nan
0.875365625
-nan
0.8723875
0.835559375
0.902509375
0.90746875
0.902496875
-nan
0.9034484375
-nan
-nan
0.9101671875
-nan
0.915146875
-nan
0.9227625
0.8468265625
0.8844796875
0.8893109375
0.9181796875
0.8873296875
0.920821875
-nan
0.88315625
0.913309375
0.90903125
0.8989671875
0.878090625
0.9073140625
0.913721875
0.922053125
0.8773640625
0.9167
0.88844375
0.9347359375
0.8999640625
0.9014140625
0.91044375
0.898184375
-nan
0.907021875
0.84029375
-nan
0.8597203125
0.9099265625
0.8642171875
0.899078125
