0.9671546875
0.954246875
0.9653484375
0.97079375
0.9586078125
0.9749765625
0.9722671875
0.972425
0.9650171875
0.9668421875
0.9680390625
0.974396875
0.9775421875
0.981940625
0.978509375
0.9777734375
0.9675265625
0.9742203125
0.98220625
0.976934375
0.970203125
0.974528125
0.9749015625
0.9755078125
0.9711875
0.97403125
0.9717828125
0.9795015625
0.972703125
0.9768546875
0.9773359375
0.9694328125
0.9754609375
0.96655
0.963490625
0.9729984375
0.977040625
0.9739390625
0.9739203125
0.9712578125
0.9633703125
0.9712
0.9742234375
0.97548125
0.967275
0.9723671875
0.9651859375
0.9656078125
0.9755265625
0.967009375
0.97671875
0.96468125
0.96625625
0.967903125
0.962753125
0.97521875
0.9747890625
0.96084375
0.9639125
0.96653125
0.9719609375
0.9721921875
0.970440625
0.9716984375
0.9681390625
0.9640359375
0.973265625
0.9674625
0.9779203125
0.96950625
0.9770546875
0.966290625
0.969575
0.963434375
0.9683953125
0.9749296875
0.9664015625
0.9764453125
0.97470625
0.958753125
0.974
0.967153125
0.9687953125
0.9703328125
0.96865625
0.960859375
0.95651875
0.972959375
0.96238125
0.96670625
0.964925
0.9621421875
0.9662296875
0.96239375
0.96513125
0.9705890625
0.9562828125
0.97131875
0.9688875
0.963959375
